SVM 
        0       1       2       3       4       5       6       7       8       9       10      11      12      13      14      15      16      17      18      19

0       1922    1       14      5       5       12      10      12      5       17      27      4       0       91      6       2       0       6       1       3       
1       0       2211    1       3       0       0       2       3       30      9       5       2       0       0       3       0       0       2       4       0       
2       23      7       922     6       10      4       5       12      18      2       3       0       0       0       9       0       9       1       1       0       
3       11      9       21      854     0       46      3       20      25      10      2       0       0       1       0       0       6       1       1       0       
4       14      7       3       0       889     0       5       1       2       47      2       1       0       0       0       1       1       3       6       0       
5       18      15      2       42      4       736     5       5       19      13      8       1       12      3       4       0       0       0       3       2       
6       45      6       14      0       10      12      854     1       3       0       1       0       0       1       0       3       0       4       4       0       
7       3       34      33      9       7       0       0       1835    2       76      1       1       0       1       1       0       22      0       2       1       
8       17      36      11      41      15      33      5       7       905     22      9       10      0       4       1       3       16      7       5       0       
9       32      48      1       17      90      11      0       82      7       1850    6       8       1       4       2       0       7       0       6       5       
10      10      14      1       1       12      0       0       1       16      47      873     0       3       2       0       0       14      1       3       2       
11      6       31      2       0       7       6       1       2       3       43      2       970     37      3       10      7       2       0       21      0       
12      3       19      0       1       1       0       0       2       1       38      3       22      889     1       1       0       1       0       15      3       
13      41      1       0       0       1       2       0       0       5       3       0       2       0       108     0       0       0       0       0       0       
14      13      58      15      0       10      1       2       1       8       10      1       12      3       1       860     1       0       2       2       0
15      4       1       0       0       0       0       1       0       1       0       0       1       0       1       0       162     0       1       7       0       
16      4       0       3       3       0       0       0       3       4       3       0       1       0       0       0       5       127     1       0       0
17      5       2       1       1       0       0       2       0       5       0       1       1       0       2       0       3       0       136     0       0
18      14      44      1       1       44      0       6       0       7       4       0       27      7       7       1       4       1       1       989     0       
19      11      12      0       0       0       2       0       5       6       26      4       7       6       1       1       1       0       1       0       917

Classification report:
              precision    recall  f1-score   support

           0       0.88      0.90      0.89      2143
           1       0.87      0.97      0.92      2275
           2       0.88      0.89      0.89      1032
           3       0.87      0.85      0.86      1010
           4       0.80      0.91      0.85       982
           5       0.85      0.83      0.84       892
           6       0.95      0.89      0.92       958
           7       0.92      0.90      0.91      2028
           8       0.84      0.79      0.82      1147
           9       0.83      0.85      0.84      2177
          10       0.92      0.87      0.90      1000
          11       0.91      0.84      0.87      1153
          12       0.93      0.89      0.91      1000
          13       0.47      0.66      0.55       163
          14       0.96      0.86      0.91      1000
          15       0.84      0.91      0.87       179
          16       0.62      0.82      0.71       154
          17       0.81      0.86      0.83       159
          18       0.92      0.85      0.89      1158
          19       0.98      0.92      0.95      1000

    accuracy                           0.88     21610
   macro avg       0.85      0.86      0.86     21610
weighted avg       0.88      0.88      0.88     21610

CNN
        0       1       2       3       4       5       6       7       8       9       10      11      12      13      14      15      16      17      18      19

0       2110    0       1       1       0       0       0       2       0       4       13      3       0       2       0       0       0       1       6       0       
1       1       2264    0       0       0       0       1       1       0       0       7       0       0       0       0       0       0       0       0       1
2       5       8       1011    1       0       0       1       4       0       0       1       0       0       0       0       0       0       0       0       1
3       0       2       0       995     0       5       0       3       2       2       1       0       0       0       0       0       0       0       0       0       
4       0       0       0       0       971     0       3       0       0       4       1       0       0       0       0       0       0       0       3       0
5       3       1       0       4       0       876     2       1       2       2       0       0       0       0       1       0       0       0       0       0
6       4       4       0       0       0       4       940     0       0       0       0       0       0       0       0       1       0       0       5       0       
7       0       6       6       0       0       0       0       2010    0       6       0       0       0       0       0       0       0       0       0       0
8       9       12      6       3       2       5       3       2       1080    8       7       1       0       0       0       0       0       5       4       0
9       0       11      0       2       22      2       0       24      5       2107    1       0       0       0       0       0       1       0       0       2       
10      9       15      0       0       2       1       0       4       0       9       955     0       1       0       0       0       1       2       1       0
11      0       4       0       0       1       0       0       0       1       2       4       1122    2       0       2       0       0       0       15      0       
12      0       0       0       0       0       1       0       3       0       0       0       7       986     0       2       0       0       0       1       0
13      2       0       0       0       0       0       1       0       0       1       0       0       0       155     0       0       0       3       1       0
14      0       4       4       0       0       0       2       0       0       1       0       3       0       0       986     0       0       0       0       0       
15      0       0       0       0       0       0       0       0       0       0       1       0       0       0       0       178     0       0       0       0
16      0       0       0       0       0       0       0       0       0       0       0       0       0       0       0       0       154     0       0       0
17      1       2       0       0       0       0       0       0       0       0       0       0       0       0       0       0       0       156     0       0       
18      3       1       0       0       0       0       0       2       0       1       0       0       0       0       0       0       0       0       1151    0
19      0       1       0       0       0       0       0       2       0       2       1       1       0       0       0       0       0       0       0       993


Classification report:
              precision    recall  f1-score   support

           0       0.98      0.98      0.98      2143
           1       0.97      1.00      0.98      2275
           2       0.98      0.98      0.98      1032
           3       0.99      0.99      0.99      1010
           4       0.97      0.99      0.98       982
           5       0.98      0.98      0.98       892
           6       0.99      0.98      0.98       958
           7       0.98      0.99      0.98      2028
           8       0.99      0.94      0.97      1147
           9       0.98      0.97      0.97      2177
          10       0.96      0.95      0.96      1000
          11       0.99      0.97      0.98      1153
          12       1.00      0.99      0.99      1000
          13       0.99      0.95      0.97       163
          14       0.99      0.99      0.99      1000
          15       0.99      0.99      0.99       179
          16       0.99      1.00      0.99       154
          17       0.93      0.98      0.96       159
          18       0.97      0.99      0.98      1158
          19       1.00      0.99      0.99      1000

    accuracy                           0.98     21610
   macro avg       0.98      0.98      0.98     21610
weighted avg       0.98      0.98      0.98     21610

NN
        0       1       2       3       4       5       6       7       8       9       10      11      12      13      14      15      16      17      18      19

0       2012    1       0       6       0       9       11      4       13      16      15      5       1       14      7       3       2       7       12      5       
1       1       2183    2       3       1       3       3       3       11      9       5       12      8       0       19      1       0       1       8       2
2       17      18      819     50      13      1       23      14      38      2       7       1       0       0       24      0       1       1       2       1
3       12      2       10      912     2       12      2       26      16      12      3       0       0       0       0       0       1       0       0       0       
4       4       10      1       0       884     0       12      2       5       47      7       0       4       0       0       0       0       0       5       1
5       23      8       0       54      11      685     8       12      31      23      4       5       17      1       5       1       0       0       1       3
6       26      9       5       0       16      23      856     0       9       0       3       0       0       0       6       1       0       0       4       0       
7       12      22      16      5       4       0       0       1869    2       77      3       1       9       0       5       0       1       0       2       0
8       11      58      4       32      9       24      7       26      896     7       24      14      4       5       8       1       5       7       3       2
9       22      26      1       14      40      1       0       58      12      1881    25      21      43      1       10      0       3       0       8       11      
10      30      13      0       1       4       1       0       10      6       15      890     2       10      2       1       0       4       3       4       4
11      13      6       0       0       4       1       0       1       5       12      4       995     49      0       30      6       0       1       10      16
12      1       3       0       0       1       0       0       6       0       11      0       19      954     0       1       0       0       0       4       0       
13      57      0       0       2       1       4       0       0       4       7       4       1       0       71      0       1       4       0       7       0
14      6       43      2       1       0       4       3       9       7       4       1       7       5       0       893     0       0       1       6       8
15      4       1       0       0       2       1       10      0       10      3       2       0       1       1       0       104     1       7       32      0       
16      4       3       1       6       0       1       0       11      8       8       3       0       0       0       2       1       98      0       6       2
17      4       18      5       1       2       0       11      0       24      0       4       1       0       5       1       4       1       73      1       4
18      12      12      1       0       20      0       0       4       10      2       3       30      20      2       4       0       2       8       1028    0       
19      18      1       0       0       0       0       0       1       0       16      5       1       2       0       0       0       0       1       0       955

Classification report:
              precision    recall  f1-score   support

           0       0.88      0.94      0.91      2143
           1       0.90      0.96      0.93      2275
           2       0.94      0.79      0.86      1032
           3       0.84      0.90      0.87      1010
           4       0.87      0.90      0.89       982
           5       0.89      0.77      0.82       892
           6       0.90      0.89      0.90       958
           7       0.91      0.92      0.92      2028
           8       0.81      0.78      0.80      1147
           9       0.87      0.86      0.87      2177
          10       0.88      0.89      0.88      1000
          11       0.89      0.86      0.88      1153
          12       0.85      0.95      0.90      1000
          13       0.70      0.44      0.54       163
          14       0.88      0.89      0.89      1000
          15       0.85      0.58      0.69       179
          16       0.80      0.64      0.71       154
          17       0.66      0.46      0.54       159
          18       0.90      0.89      0.89      1158
          19       0.94      0.95      0.95      1000

    accuracy                           0.88     21610
   macro avg       0.86      0.81      0.83     21610
weighted avg       0.88      0.88      0.88     21610


TRANS
        0       1       2       3       4       5       6       7       8       9       10      11      12      13      14      15      16      17      18      19

0       15      0       0       0       0       0       0       0       0       0       0       0       0       148     0       0       0       0       0
1       0       138     0       0       0       0       0       0       0       1       0       0       0       0       0       0       0       0       1
2       0       0       0       0       0       0       0       0       0       0       0       0       0       0       0       0       0       0       0       
3       0       0       0       0       0       0       0       0       0       0       0       0       0       0       0       0       0       0       0
4       0       0       0       0       0       0       0       0       0       0       0       0       0       0       0       0       0       0       0
5       0       0       0       0       0       0       0       0       0       0       0       0       0       0       0       0       0       0       0       
6       0       0       0       0       0       0       0       0       0       0       0       0       0       0       0       0       0       0       0
7       0       0       0       0       0       0       0       0       0       0       0       0       0       0       0       0       0       0       0
8       0       0       0       0       0       0       0       0       166     0       0       0       0       1       0       1       2       3       0       
9       1       1       0       0       0       0       0       0       0       165     0       0       0       0       0       0       1       0       0
10      0       0       0       0       0       0       0       0       0       0       0       0       0       0       0       0       0       0       0
11      0       1       0       0       0       0       0       0       0       1       0       142     0       0       0       1       0       0       8       
12      0       0       0       0       0       0       0       0       0       0       0       0       0       0       0       0       0       0       0
13      1       0       0       0       0       0       0       0       0       0       0       0       0       160     0       1       0       1       0
14      0       0       0       0       0       0       0       0       0       0       0       0       0       0       0       0       0       0       0       
15      0       0       0       0       0       0       0       0       0       1       0       0       0       0       0       176     0       2       0
16      0       0       0       0       0       0       0       0       0       0       0       0       0       0       0       0       154     0       0
17      0       0       0       0       0       0       0       0       0       0       0       0       0       0       0       1       0       158     0       
18      0       0       0       0       0       0       0       0       0       0       0       3       0       1       0       0       0       1       153

Classification report:
              precision    recall  f1-score   support

           0       0.88      0.09      0.17       163
           1       0.99      0.99      0.99       140
           8       1.00      0.96      0.98       173
           9       0.98      0.98      0.98       168
          11       0.98      0.93      0.95       153
          13       0.52      0.98      0.68       163
          15       0.98      0.98      0.98       179
          16       0.98      1.00      0.99       154
          17       0.96      0.99      0.98       159
          18       0.94      0.97      0.96       158

    accuracy                           0.89      1610
   macro avg       0.92      0.89      0.86      1610
weighted avg       0.92      0.89      0.86      1610